start=1394.018000
volume=84.000000
fullscreen=yes
sid=1
