start=1429.888563
pause=yes
volume=82.000000
audio-delay=-0.000000
