start=1318.651000
volume=98.000000
fullscreen=yes
sid=3
