start=2861.692000
volume=88.000000
ontop=yes
