start=1385.968000
volume=90.000000
fullscreen=yes
sid=1
