start=1466.967000
pause=yes
volume=74.000000
sid=1
