start=1422.087000
pause=yes
volume=84.000000
sid=1
