start=1422.921000
volume=84.000000
fullscreen=yes
