start=1291.917000
volume=94.000000
