start=1315.523000
volume=92.000000
fullscreen=yes
sid=1
