start=1421.049000
pause=yes
volume=76.000000
