start=1402.109000
volume=84.000000
fullscreen=yes
sid=1
