start=1524.925000
volume=88.000000
fullscreen=yes
sid=1
