start=1407.906000
volume=82.000000
fullscreen=yes
sid=1
