start=1295.916000
speed=1.030745
volume=90.000000
fullscreen=yes
sid=1
