start=1399.982000
volume=86.000000
fullscreen=yes
sid=1
