start=1413.038000
volume=90.000000
fullscreen=yes
