start=1371.912000
volume=90.000000
fullscreen=yes
