start=1400.524000
volume=88.000000
fullscreen=yes
sid=1
