start=1415.205000
volume=76.000000
fullscreen=yes
sid=1
