start=1500.076980
pause=yes
volume=76.000000
fullscreen=yes
aid=1
sid=1
