start=1334.166000
speed=1.100000
sid=1
