start=1385.677000
volume=94.000000
fullscreen=yes
