start=1383.716000
volume=96.000000
fullscreen=yes
