start=1382.848000
volume=86.000000
fullscreen=yes
sid=2
