start=1640.223841
volume=98.000000
fullscreen=yes
sid=1
