start=1314.230000
volume=90.000000
fullscreen=yes
sid=3
