start=1383.257000
volume=96.000000
fullscreen=yes
sid=1
