start=1416.082000
volume=86.000000
