start=1384.216000
volume=86.000000
fullscreen=yes
sid=2
