start=1316.607000
volume=84.000000
fullscreen=yes
ontop=yes
sid=3
