start=1418.334000
volume=88.000000
fullscreen=yes
sid=1
