start=1382.181000
volume=88.000000
sid=3
