start=1595.427000
volume=92.000000
fullscreen=yes
sid=2
