start=1408.032000
volume=84.000000
fullscreen=yes
sid=1
