start=1390.014000
volume=80.000000
fullscreen=yes
