start=1596.261000
volume=78.000000
fullscreen=yes
aid=1
sid=1
