start=1391.140000
volume=86.000000
fullscreen=yes
