start=1403.861000
volume=92.000000
fullscreen=yes
sid=1
