start=771.609300
pause=yes
volume=62.000000
