start=1419.960000
pause=yes
volume=92.000000
