start=1436.609000
volume=82.000000
sid=2
