start=1306.722000
volume=92.000000
