start=1390.056000
volume=96.000000
fullscreen=yes
