start=1317.024000
volume=96.000000
fullscreen=yes
sid=3
