start=1435.024000
volume=96.000000
fullscreen=yes
sid=2
