start=1384.817000
volume=94.000000
sid=3
