start=1394.226000
volume=98.000000
sid=3
