start=1466.423000
volume=92.000000
aid=2
sid=2
