start=1461.960000
volume=80.000000
