start=1328.160000
volume=82.000000
fullscreen=yes
sid=1
