start=1399.857000
volume=88.000000
fullscreen=yes
sid=3
