start=1315.689000
volume=92.000000
fullscreen=yes
sid=1
