start=1370.329000
volume=88.000000
fullscreen=yes
