start=1405.446000
volume=90.000000
fullscreen=yes
sid=1
