start=1399.523000
speed=1.464100
volume=96.000000
fullscreen=yes
sid=1
