start=1420.062907
pause=yes
volume=92.000000
