start=1347.728000
volume=96.000000
sid=2
