start=1403.736000
volume=90.000000
fullscreen=yes
sid=2
