start=1392.768000
volume=78.000000
