start=1385.451000
volume=96.000000
fullscreen=yes
sid=2
