start=1315.564000
volume=90.000000
fullscreen=yes
sid=3
