start=1385.926000
volume=82.000000
fullscreen=yes
