start=1398.981000
volume=76.000000
fullscreen=yes
sid=1
