start=1327.743000
volume=82.000000
