start=1330.461000
speed=1.331000
volume=84.000000
fullscreen=yes
sid=1
