start=1117.408000
pause=yes
volume=94.000000
