start=1308.523000
volume=84.000000
fullscreen=yes
sid=2
