start=1401.945000
pause=yes
volume=90.000000
sid=1
