start=1313.194000
volume=84.000000
fullscreen=yes
