start=1385.551000
volume=86.000000
fullscreen=yes
