start=1389.321000
volume=90.000000
sid=3
