start=1385.342000
volume=90.000000
fullscreen=yes
