start=1416.874000
volume=80.000000
fullscreen=yes
sid=1
