start=1404.361000
volume=86.000000
fullscreen=yes
sid=1
