start=1363.119000
volume=78.000000
audio-delay=-0.000000
sid=2
