start=1446.445000
volume=90.000000
fullscreen=yes
