start=1389.822000
volume=90.000000
fullscreen=yes
sid=2
