start=1382.172000
volume=92.000000
fullscreen=yes
