start=1302.058000
audio-delay=-0.000000
ontop=yes
sid=2
