start=1416.500000
volume=88.000000
