start=1415.789000
volume=86.000000
sid=1
