start=307.682000
pause=yes
volume=74.000000
sid=1
sub-delay=10.121977
