start=1351.310000
volume=86.000000
