start=1392.057000
volume=90.000000
