start=4059.000000
pause=yes
volume=96.000000
sid=7
