start=1315.481000
volume=82.000000
fullscreen=yes
sid=3
