start=1385.843000
volume=90.000000
fullscreen=yes
