start=1221.679000
volume=94.000000
sid=1
