start=1327.869000
volume=74.000000
fullscreen=yes
