start=1386.010000
volume=88.000000
fullscreen=yes
