start=1397.146000
volume=90.000000
fullscreen=yes
sid=1
