start=1337.169000
speed=1.331000
fullscreen=yes
