start=1448.113000
volume=88.000000
fullscreen=yes
sid=2
