start=1497.121000
pause=yes
volume=90.000000
fullscreen=yes
sid=2
