start=1384.633000
volume=94.000000
fullscreen=yes
