start=1403.402000
volume=90.000000
fullscreen=yes
sid=1
