start=1392.975000
pause=yes
volume=86.000000
sid=1
