start=1444.151000
volume=88.000000
