start=1355.145000
speed=1.610510
fullscreen=yes
sid=1
