start=1417.666000
volume=96.000000
