start=1362.361000
volume=82.000000
fullscreen=yes
