start=1347.930000
volume=88.000000
fullscreen=yes
