start=489.781000
pause=yes
volume=92.000000
