start=1423.339000
volume=84.000000
fullscreen=yes
