start=1399.149000
volume=88.000000
fullscreen=yes
