start=1352.434000
audio-delay=-0.042000
fullscreen=yes
sid=1
