start=1298.387000
volume=86.000000
fullscreen=yes
sid=2
