start=1413.502000
volume=92.000000
fullscreen=yes
sid=2
