start=1420.879000
volume=92.000000
fullscreen=yes
sid=1
