start=1399.440000
volume=96.000000
fullscreen=yes
sid=1
