start=1384.091000
volume=92.000000
fullscreen=yes
