start=1410.534000
volume=78.000000
fullscreen=yes
sid=1
