start=1382.172000
speed=1.000000
fullscreen=yes
sid=1
