start=1403.779000
volume=92.000000
fullscreen=yes
