start=1407.823000
volume=88.000000
fullscreen=yes
sid=1
