start=1386.585000
volume=92.000000
fullscreen=yes
sid=2
