start=1723.513000
volume=80.000000
