start=1422.254000
volume=70.000000
fullscreen=yes
