start=1408.657000
volume=92.000000
fullscreen=yes
sid=1
