start=57.891000
pause=yes
volume=72.000000
audio-delay=-0.000000
sid=2
