start=1314.396000
volume=92.000000
fullscreen=yes
sid=3
