start=1427.071667
pause=yes
volume=96.000000
sid=1
