start=1432.807000
volume=92.000000
fullscreen=yes
