start=0.000000
volume=94.000000
