start=1402.067000
speed=2.143589
fullscreen=yes
sid=1
