start=1382.631000
volume=94.000000
fullscreen=yes
