start=1476.975000
volume=86.000000
fullscreen=yes
aid=2
sid=2
