start=1446.820000
volume=98.000000
fullscreen=yes
