start=1325.909000
volume=88.000000
fullscreen=yes
