start=1382.631000
volume=98.000000
fullscreen=yes
