start=1385.968000
volume=94.000000
fullscreen=yes
