start=1433.557000
volume=96.000000
fullscreen=yes
sub-scale=1.100000
