start=1347.672000
volume=66.000000
fullscreen=yes
