start=1435.635000
volume=80.000000
fullscreen=yes
sid=1
