start=1411.285000
volume=94.000000
fullscreen=yes
sid=1
