start=1409.950000
volume=94.000000
fullscreen=yes
sid=1
