start=1388.637000
volume=96.000000
