start=1338.879000
volume=80.000000
fullscreen=yes
sid=1
