start=1384.259000
volume=92.000000
