start=1346.428000
volume=88.000000
aid=1
sid=1
