start=1399.691000
volume=96.000000
fullscreen=yes
