start=1380.170000
volume=96.000000
fullscreen=yes
sid=3
