start=1555.189000
volume=96.000000
fullscreen=yes
