start=1447.133901
volume=96.000000
fullscreen=yes
