start=1404.194000
volume=84.000000
fullscreen=yes
sid=3
