start=2678.509000
volume=82.000000
