start=1386.652000
volume=90.000000
fullscreen=yes
sid=2
