start=1316.565000
volume=78.000000
fullscreen=yes
ontop=yes
sid=1
