start=1398.731000
volume=92.000000
fullscreen=yes
sid=1
