start=1383.132000
volume=88.000000
fullscreen=yes
