start=1392.057000
volume=92.000000
fullscreen=yes
