start=1420.009250
pause=yes
volume=78.000000
