start=1385.919000
volume=82.000000
