start=1401.233000
volume=92.000000
fullscreen=yes
sid=1
