start=1344.005000
volume=86.000000
fullscreen=yes
