start=1318.442000
volume=92.000000
fullscreen=yes
sid=3
