start=1409.867000
volume=86.000000
fullscreen=yes
sid=1
