start=1400.858000
volume=86.000000
fullscreen=yes
sid=1
