start=1323.454000
volume=90.000000
fullscreen=yes
