start=1478.018000
pause=yes
volume=86.000000
sid=3
