start=1344.134000
volume=96.000000
fullscreen=yes
sid=1
