start=1316.732000
volume=90.000000
fullscreen=yes
sid=1
