start=54.596000
pause=yes
volume=86.000000
audio-delay=0.000000
