start=158.700000
pause=yes
volume=94.000000
