start=1384.174000
volume=86.000000
fullscreen=yes
