start=1403.777000
volume=86.000000
