start=1420.919000
volume=82.000000
fullscreen=yes
