start=1409.283000
volume=80.000000
fullscreen=yes
sid=1
