start=1316.482000
volume=74.000000
fullscreen=yes
sid=1
