start=1312.478000
volume=88.000000
fullscreen=yes
sid=1
