start=1400.733000
volume=84.000000
fullscreen=yes
sid=1
