start=1289.413000
volume=60.000000
fullscreen=yes
sid=1
