start=1376.376000
volume=96.000000
fullscreen=yes
