start=1388.387000
volume=92.000000
