start=1392.474000
volume=66.000000
fullscreen=yes
sid=1
