start=1351.266583
volume=72.000000
fullscreen=yes
