start=1399.607000
volume=82.000000
fullscreen=yes
sid=1
