start=1390.055000
volume=94.000000
fullscreen=yes
sid=2
