start=1467.591000
volume=94.000000
fullscreen=yes
sid=2
