start=1423.088000
volume=92.000000
fullscreen=yes
