start=1571.008000
pause=yes
volume=92.000000
ontop=yes
aid=2
sid=2
