start=1420.108973
pause=yes
volume=96.000000
fullscreen=yes
sid=1
