start=1415.415000
pause=yes
volume=82.000000
