start=1384.049000
volume=96.000000
fullscreen=yes
