start=1353.644000
speed=1.610510
volume=98.000000
fullscreen=yes
aid=1
sid=1
