start=1376.959000
volume=88.000000
fullscreen=yes
