start=1572.529000
pause=yes
volume=94.000000
fullscreen=yes
sub-scale=0.900000
