start=1317.483000
volume=86.000000
fullscreen=yes
sid=1
