start=1383.115000
volume=90.000000
sid=3
