start=1384.149000
volume=88.000000
fullscreen=yes
sid=2
