start=1385.259000
volume=92.000000
fullscreen=yes
