start=1418.293000
volume=86.000000
fullscreen=yes
