start=1386.685000
volume=86.000000
fullscreen=yes
sid=2
