start=1414.580000
volume=94.000000
fullscreen=yes
sid=1
