start=1392.309000
volume=68.000000
