start=1385.592000
volume=90.000000
fullscreen=yes
