start=1321.820000
volume=80.000000
audio-delay=-0.000000
fullscreen=yes
