start=1386.919000
volume=96.000000
fullscreen=yes
sid=2
