start=1376.757000
volume=92.000000
fullscreen=yes
