start=1384.516000
volume=92.000000
fullscreen=yes
sid=2
