start=1365.364000
volume=62.000000
fullscreen=yes
