start=1344.301000
volume=90.000000
fullscreen=yes
ontop=yes
sid=1
