start=1430.679000
volume=86.000000
