start=1375.641000
audio-delay=0.000000
fullscreen=yes
brightness=-1
sid=3
