start=1314.855000
volume=94.000000
fullscreen=yes
sid=1
