start=1386.218000
volume=98.000000
fullscreen=yes
