start=1376.675000
volume=86.000000
sid=3
