start=1420.051875
pause=yes
volume=88.000000
