start=1434.134333
pause=yes
volume=88.000000
audio-delay=0.000000
