start=1325.115000
volume=88.000000
fullscreen=yes
