start=1432.306000
volume=92.000000
aid=1
