start=1406.030000
pause=yes
volume=90.000000
fullscreen=yes
sid=1
