start=1319.018000
volume=94.000000
fullscreen=yes
sid=3
