start=1410.200000
volume=86.000000
sid=1
