start=1344.322000
volume=90.000000
fullscreen=yes
