start=1383.507000
volume=88.000000
fullscreen=yes
