start=1218.551000
volume=74.000000
