start=1419.966625
pause=yes
volume=98.000000
