start=1379.795000
volume=92.000000
sid=3
