start=1422.713000
volume=94.000000
fullscreen=yes
