start=1345.803000
volume=82.000000
fullscreen=yes
