start=1335.751000
volume=98.000000
fullscreen=yes
sid=1
