start=1946.040712
pause=yes
volume=88.000000
ontop=yes
contrast=-1
sid=1
