start=1405.654000
volume=94.000000
fullscreen=yes
sid=1
