start=1454.370000
volume=88.000000
sid=3
