start=1411.160000
volume=82.000000
fullscreen=yes
