start=1394.727000
volume=94.000000
fullscreen=yes
