start=1409.658000
volume=92.000000
fullscreen=yes
sid=1
