start=1388.595000
volume=84.000000
fullscreen=yes
