start=1417.113832
pause=yes
volume=88.000000
audio-delay=-0.000000
fullscreen=yes
