start=1350.218000
volume=92.000000
