start=1413.002000
volume=86.000000
audio-delay=0.000000
sid=1
