start=1348.097000
speed=1.000000
fullscreen=yes
sid=2
