start=1384.750000
volume=90.000000
sid=2
