start=1383.816000
volume=92.000000
fullscreen=yes
sid=2
