start=1345.929000
volume=88.000000
fullscreen=yes
