start=1329.418000
speed=1.331000
fullscreen=yes
sid=1
sub-pos=93
