start=5448.320000
pause=yes
volume=98.000000
aid=1
sid=1
