start=638.930000
speed=1.100000
pause=yes
