start=1383.983000
volume=82.000000
fullscreen=yes
sid=3
