start=1383.924000
volume=94.000000
fullscreen=yes
