start=1.043000
volume=82.000000
fullscreen=yes
aid=1
sid=1
