start=1385.651000
pause=yes
volume=94.000000
fullscreen=yes
sid=2
