start=1364.050000
volume=76.000000
fullscreen=yes
