start=1346.380000
volume=72.000000
audio-delay=-0.000000
fullscreen=yes
