start=1423.130000
volume=92.000000
