start=1567.483000
volume=98.000000
fullscreen=yes
sid=2
