start=1394.927000
volume=90.000000
fullscreen=yes
sid=2
