start=1315.689000
volume=82.000000
fullscreen=yes
sid=3
