start=1420.919000
volume=98.000000
fullscreen=yes
sid=1
