start=1315.356000
volume=84.000000
fullscreen=yes
sid=3
