start=1479.311000
volume=94.000000
fullscreen=yes
sid=2
