start=1343.983000
volume=84.000000
fullscreen=yes
sub-delay=-0.000000
