start=1406.822000
volume=82.000000
fullscreen=yes
sid=1
