start=1409.783000
volume=86.000000
sid=1
