start=1424.089000
volume=86.000000
audio-delay=0.000000
sub-delay=0.000000
sub-ass-override=no
