start=1365.447000
volume=88.000000
fullscreen=yes
