start=1349.605000
volume=94.000000
sid=2
sub-ass-override=no
