start=1314.188000
volume=86.000000
fullscreen=yes
sid=3
