start=1384.633000
volume=98.000000
fullscreen=yes
