start=1385.342000
volume=86.000000
fullscreen=yes
