start=1425.799000
volume=84.000000
fullscreen=yes
