start=1406.697000
volume=78.000000
fullscreen=yes
sid=1
