start=1384.216000
speed=1.000000
volume=94.000000
fullscreen=yes
