start=1640.949000
pause=yes
volume=92.000000
fullscreen=yes
sid=1
