start=1442.531000
volume=96.000000
fullscreen=yes
sid=2
