start=1383.983000
volume=98.000000
fullscreen=yes
sid=2
