start=1320.553000
volume=84.000000
fullscreen=yes
sid=3
