start=1480.562000
volume=88.000000
fullscreen=yes
sid=1
