start=1370.369000
volume=84.000000
fullscreen=yes
