start=1373.372000
volume=78.000000
sid=1
