start=1500.290000
speed=1.464100
fullscreen=yes
