start=1319.777000
volume=94.000000
fullscreen=yes
sid=3
