start=1528.152000
volume=86.000000
