start=1383.674000
volume=90.000000
fullscreen=yes
