start=1405.654000
volume=86.000000
fullscreen=yes
sid=1
