start=1406.280000
volume=94.000000
fullscreen=yes
sid=1
