start=1409.700000
volume=84.000000
fullscreen=yes
sid=1
