start=1408.073000
volume=74.000000
fullscreen=yes
sid=1
