start=1415.080000
volume=92.000000
fullscreen=yes
sid=1
