start=1383.632000
volume=90.000000
