start=1384.550000
volume=94.000000
audio-delay=-0.042000
fullscreen=yes
sid=1
