start=1314.647000
volume=84.000000
fullscreen=yes
sid=1
