start=1337.920000
volume=84.000000
sid=1
