start=1336.919000
volume=80.000000
fullscreen=yes
sid=1
