start=1204.328000
volume=90.000000
