start=1399.064000
volume=94.000000
fullscreen=yes
sid=1
