start=899.357000
volume=60.000000
sid=1
