start=793.167000
speed=1.000000
pause=yes
