start=1382.298000
volume=82.000000
fullscreen=yes
