start=1306.979000
volume=98.000000
fullscreen=yes
sid=2
