start=1382.047000
volume=82.000000
fullscreen=yes
