start=1383.749000
volume=86.000000
fullscreen=yes
sid=2
