start=1342.132000
speed=1.331000
volume=90.000000
