start=1442.698000
volume=92.000000
fullscreen=yes
sid=2
