start=1431.263000
speed=1.210000
volume=72.000000
fullscreen=yes
sid=1
