start=1315.397000
volume=82.000000
fullscreen=yes
sid=1
