start=1314.438000
volume=74.000000
fullscreen=yes
sid=1
