start=1332.706000
volume=82.000000
fullscreen=yes
sid=3
