start=1334.583000
volume=96.000000
fullscreen=yes
sid=1
