start=1418.500000
volume=88.000000
fullscreen=yes
sid=2
