start=1407.615000
volume=80.000000
fullscreen=yes
sid=1
