start=1450.040111
volume=86.000000
