start=1419.918000
pause=yes
volume=94.000000
