start=1401.942000
volume=90.000000
fullscreen=yes
sid=1
