start=1407.448000
volume=98.000000
fullscreen=yes
sid=2
