start=1400.691000
volume=94.000000
fullscreen=yes
sid=1
