start=1401.191000
volume=88.000000
fullscreen=yes
sid=1
