start=1421.503000
volume=86.000000
fullscreen=yes
