start=1412.077000
volume=90.000000
fullscreen=yes
sid=1
