start=293.383000
speed=1.210000
pause=yes
volume=86.000000
sid=1
