start=1399.648000
volume=88.000000
fullscreen=yes
sid=1
