start=1361.527000
volume=94.000000
