start=1313.522000
volume=84.000000
fullscreen=yes
