start=1429.678000
volume=84.000000
fullscreen=yes
sid=2
