start=1348.681000
volume=94.000000
fullscreen=yes
