start=1392.516000
volume=96.000000
fullscreen=yes
