start=1360.442000
volume=82.000000
fullscreen=yes
