start=1367.874000
volume=84.000000
fullscreen=yes
sid=2
