start=1297.150000
volume=80.000000
fullscreen=yes
aid=1
sid=1
