start=1412.168000
volume=84.000000
fullscreen=yes
sid=2
