start=1388.679000
volume=88.000000
fullscreen=yes
