start=1383.215000
volume=84.000000
fullscreen=yes
