start=1421.128000
volume=90.000000
sid=2
