start=1437.248000
pause=yes
volume=90.000000
fullscreen=yes
sid=1
