start=1400.858000
volume=98.000000
fullscreen=yes
sid=1
