start=1410.702000
volume=74.000000
fullscreen=yes
