start=1399.898000
speed=1.000000
volume=84.000000
fullscreen=yes
sid=1
