start=1380.504000
volume=88.000000
fullscreen=yes
sid=3
