start=1369.159000
volume=90.000000
fullscreen=yes
sid=3
