start=245.829000
pause=yes
volume=80.000000
sid=2
