start=1425.932000
volume=76.000000
fullscreen=yes
sid=2
