start=1319.235000
volume=82.000000
fullscreen=yes
sid=1
