start=1385.551000
volume=96.000000
sid=2
