start=1408.659000
volume=88.000000
