start=161.203000
pause=yes
volume=90.000000
sid=3
