start=1345.511000
volume=86.000000
fullscreen=yes
