start=1388.387000
volume=86.000000
fullscreen=yes
