start=1365.872000
volume=94.000000
fullscreen=yes
sid=2
