start=1243.952000
volume=60.000000
