start=772.773000
pause=yes
volume=68.000000
sid=1
