start=1440.023000
pause=yes
volume=88.000000
