start=1409.283000
volume=92.000000
fullscreen=yes
sid=1
