start=1317.316000
speed=1.610510
volume=88.000000
fullscreen=yes
sid=3
