start=1407.531000
volume=96.000000
fullscreen=yes
sid=1
