start=1391.725000
volume=82.000000
fullscreen=yes
