start=1385.092000
volume=94.000000
fullscreen=yes
