start=1432.724000
volume=82.000000
fullscreen=yes
