start=1385.384000
volume=94.000000
fullscreen=yes
sid=2
