start=1436.852000
volume=86.000000
fullscreen=yes
sid=1
