start=1454.086000
volume=98.000000
sid=3
