start=1274.273000
pause=yes
volume=84.000000
sid=1
sub-pos=103
