start=1383.515000
volume=82.000000
fullscreen=yes
sid=2
