start=1399.940000
volume=98.000000
fullscreen=yes
sid=1
