start=1405.195000
volume=84.000000
fullscreen=yes
sid=1
