start=1417.625000
volume=92.000000
fullscreen=yes
