start=1392.641000
volume=82.000000
fullscreen=yes
