start=1384.383000
volume=92.000000
fullscreen=yes
