start=1387.928000
volume=88.000000
sid=3
