start=1383.449000
volume=86.000000
fullscreen=yes
sid=2
