start=1390.688000
volume=92.000000
fullscreen=yes
