start=1414.246000
volume=98.000000
fullscreen=yes
sid=1
