start=1333.749000
volume=94.000000
fullscreen=yes
sub-delay=0.000000
