start=1462.044000
volume=98.000000
fullscreen=yes
sid=2
