start=1451.157333
pause=yes
volume=92.000000
fullscreen=yes
sub-delay=0.924000
