start=1490.155000
volume=92.000000
fullscreen=yes
