start=1439.773000
volume=78.000000
