start=1382.681000
volume=96.000000
fullscreen=yes
sid=2
