start=1342.007000
volume=96.000000
fullscreen=yes
sid=1
