start=1386.468000
volume=78.000000
fullscreen=yes
