start=1402.067000
volume=90.000000
fullscreen=yes
sid=1
