start=1385.217000
volume=96.000000
fullscreen=yes
