start=1437.144000
pause=yes
volume=84.000000
fullscreen=yes
sid=1
