start=1400.149000
volume=96.000000
fullscreen=yes
sid=1
