start=1380.004000
volume=86.000000
fullscreen=yes
sid=3
