start=1381.588000
volume=90.000000
