start=1337.086000
volume=92.000000
fullscreen=yes
sid=1
