start=1396.772000
volume=90.000000
fullscreen=yes
