start=845.636000
pause=yes
volume=70.000000
