start=1420.062789
pause=yes
volume=94.000000
