start=1387.011000
volume=80.000000
sid=3
