start=1422.171000
volume=84.000000
fullscreen=yes
