start=1316.273000
volume=94.000000
fullscreen=yes
sid=1
