start=1306.479000
volume=92.000000
fullscreen=yes
