start=1373.713000
volume=76.000000
sid=2
