start=1410.618000
volume=94.000000
sid=1
