start=1386.593000
volume=96.000000
fullscreen=yes
sid=1
