start=1411.118000
volume=98.000000
fullscreen=yes
sid=1
