start=1397.029000
pause=yes
volume=92.000000
fullscreen=yes
sid=2
