start=1319.360000
volume=94.000000
fullscreen=yes
sid=1
