start=1387.761000
volume=90.000000
fullscreen=yes
sid=1
