start=1401.157000
volume=98.000000
fullscreen=yes
