start=1399.898000
volume=82.000000
fullscreen=yes
sid=1
