start=1558.640000
volume=94.000000
fullscreen=yes
sid=2
