start=1365.162000
volume=92.000000
sid=2
