start=1401.945000
pause=yes
volume=88.000000
sid=1
