start=1402.034000
volume=96.000000
fullscreen=yes
sid=1
