start=1403.402000
volume=98.000000
fullscreen=yes
sid=2
