start=1340.721000
volume=94.000000
sid=2
