start=1406.989000
volume=92.000000
fullscreen=yes
sid=1
