start=1385.217000
volume=98.000000
fullscreen=yes
sid=1
