start=1407.865000
volume=96.000000
audio-delay=0.000000
fullscreen=yes
sid=1
