start=1383.749000
volume=88.000000
fullscreen=yes
sid=2
