start=1325.366000
volume=84.000000
fullscreen=yes
sid=3
