start=1426.050000
volume=98.000000
fullscreen=yes
