start=1346.284000
volume=74.000000
fullscreen=yes
sub-pos=99
