start=1401.150000
volume=78.000000
fullscreen=yes
sid=1
