start=1345.761000
volume=94.000000
fullscreen=yes
