start=81.290000
volume=98.000000
sid=1
