start=1394.768000
volume=86.000000
fullscreen=yes
sid=1
