start=1402.405000
pause=yes
volume=88.000000
audio-delay=0.000000
sid=1
