start=1388.721000
volume=92.000000
