start=1433.891000
volume=84.000000
fullscreen=yes
sid=1
