start=1420.062855
pause=yes
volume=72.000000
