start=1380.587000
audio-delay=-0.000000
