start=1345.845000
volume=88.000000
fullscreen=yes
