start=1414.997000
volume=84.000000
fullscreen=yes
