start=1309.975000
volume=80.000000
