start=1384.758000
volume=98.000000
fullscreen=yes
