start=1406.196000
volume=86.000000
fullscreen=yes
ontop=yes
sid=1
