start=2125.378000
pause=yes
volume=84.000000
aid=1
sid=1
