start=1386.385000
volume=90.000000
fullscreen=yes
