start=1384.800000
volume=88.000000
fullscreen=yes
