start=1344.517000
volume=88.000000
fullscreen=yes
sid=2
