start=1344.344000
volume=94.000000
fullscreen=yes
