start=1317.650000
volume=84.000000
fullscreen=yes
sid=3
