start=1329.161000
volume=96.000000
fullscreen=yes
