start=1319.276000
volume=86.000000
sid=3
