start=1408.207000
volume=98.000000
fullscreen=yes
