start=1421.629000
volume=84.000000
