start=1384.174000
speed=1.000000
volume=68.000000
fullscreen=yes
