start=1442.031000
volume=88.000000
fullscreen=yes
sid=2
