start=1377.793000
volume=90.000000
sid=3
