start=1401.775833
pause=yes
volume=92.000000
sid=3
