start=1383.782000
volume=96.000000
fullscreen=yes
sid=2
