start=1313.437000
volume=86.000000
fullscreen=yes
sid=1
