start=1387.219000
volume=96.000000
fullscreen=yes
sid=2
