start=1362.570000
audio-delay=0.000000
fullscreen=yes
sid=2
