start=1422.254000
volume=94.000000
fullscreen=yes
sid=1
