start=1474.807000
pause=yes
volume=90.000000
