start=1399.815000
volume=84.000000
fullscreen=yes
sid=1
