start=1384.174000
volume=96.000000
