start=1384.758000
volume=82.000000
fullscreen=yes
