start=1425.633000
volume=74.000000
fullscreen=yes
