start=1385.092000
volume=92.000000
fullscreen=yes
