start=1407.823000
volume=92.000000
fullscreen=yes
sid=1
