start=1437.291687
pause=yes
volume=80.000000
sid=1
