start=1399.940000
volume=86.000000
fullscreen=yes
sid=1
