start=1357.190000
volume=92.000000
fullscreen=yes
