start=1385.217000
volume=90.000000
fullscreen=yes
