start=1399.315000
volume=88.000000
fullscreen=yes
sid=1
