start=1369.493000
volume=94.000000
fullscreen=yes
