start=1484.983000
volume=92.000000
