start=1459.041000
volume=84.000000
