start=1316.482000
volume=88.000000
fullscreen=yes
sid=3
