start=1397.463000
volume=94.000000
sid=3
