start=1358.150000
volume=86.000000
fullscreen=yes
