start=1381.914000
volume=90.000000
fullscreen=yes
sid=3
