start=1322.988000
volume=96.000000
sid=2
