start=1402.234000
pause=yes
volume=86.000000
