start=1264.180000
volume=82.000000
