start=1390.189000
volume=94.000000
fullscreen=yes
sid=2
