start=1348.556000
volume=94.000000
fullscreen=yes
