start=1340.089000
volume=88.000000
fullscreen=yes
sid=1
