start=3239.807000
pause=yes
volume=94.000000
sid=2
