start=1386.510000
volume=98.000000
fullscreen=yes
