start=1116.033000
pause=yes
volume=94.000000
sid=1
sub-ass-override=no
