start=1396.312000
volume=82.000000
fullscreen=yes
sid=1
