start=1384.341000
volume=88.000000
fullscreen=yes
