start=1398.440000
volume=90.000000
fullscreen=yes
