start=1400.107000
volume=96.000000
fullscreen=yes
sid=1
