start=1422.755000
volume=94.000000
fullscreen=yes
