start=1385.509000
volume=90.000000
fullscreen=yes
