start=1444.152000
volume=90.000000
fullscreen=yes
