start=1396.104000
volume=92.000000
