start=1335.584000
volume=88.000000
fullscreen=yes
sid=1
