start=1400.566000
volume=90.000000
fullscreen=yes
sid=1
