start=1382.798000
volume=96.000000
fullscreen=yes
