start=1383.582000
volume=94.000000
fullscreen=yes
sid=2
