start=1366.782000
volume=80.000000
sid=1
