start=1336.961000
volume=94.000000
fullscreen=yes
sid=1
