start=1369.876000
volume=98.000000
fullscreen=yes
sid=2
