start=1316.982000
volume=80.000000
fullscreen=yes
sid=1
