start=1379.628000
volume=80.000000
fullscreen=yes
sid=3
