start=1315.856000
volume=88.000000
fullscreen=yes
sid=1
