start=1401.066000
volume=90.000000
fullscreen=yes
sid=3
