start=1316.565000
volume=94.000000
fullscreen=yes
sid=1
