start=1413.829000
volume=94.000000
sid=1
