start=1314.230000
volume=86.000000
fullscreen=yes
sid=1
