start=1402.408000
volume=96.000000
fullscreen=yes
