start=1432.264000
pause=yes
volume=88.000000
fullscreen=yes
sid=1
