start=1385.784000
pause=yes
volume=98.000000
fullscreen=yes
sid=2
