start=1182.640000
volume=96.000000
