start=1407.448000
volume=88.000000
sid=1
