start=1316.715000
volume=92.000000
fullscreen=yes
sid=3
