start=1385.801000
volume=94.000000
fullscreen=yes
sid=1
