start=1407.948000
volume=86.000000
