start=1386.635000
volume=86.000000
fullscreen=yes
sid=1
