start=1320.736000
volume=94.000000
fullscreen=yes
sid=3
