start=1408.807000
volume=88.000000
fullscreen=yes
sid=1
