start=1420.384000
volume=88.000000
fullscreen=yes
