start=1371.586000
volume=90.000000
fullscreen=yes
sid=2
