start=1384.216000
volume=90.000000
fullscreen=yes
sid=2
