start=1403.777000
volume=92.000000
fullscreen=yes
sid=1
