start=1351.010000
volume=70.000000
