start=1406.405000
volume=84.000000
fullscreen=yes
sid=1
