start=1402.110000
pause=yes
volume=98.000000
