start=1400.067000
volume=82.000000
fullscreen=yes
