start=1440.171712
pause=yes
volume=84.000000
