start=1404.361000
volume=84.000000
fullscreen=yes
ontop=yes
sid=1
