start=1396.562000
volume=82.000000
fullscreen=yes
