start=1345.803000
volume=82.000000
audio-delay=-0.000000
fullscreen=yes
