start=1399.106000
volume=96.000000
fullscreen=yes
sid=1
