start=1321.487000
volume=84.000000
sid=1
