start=1425.716000
volume=72.000000
fullscreen=yes
