start=1383.882000
volume=86.000000
fullscreen=yes
sid=2
