start=1386.010000
volume=96.000000
fullscreen=yes
