start=1398.981000
volume=98.000000
fullscreen=yes
sid=1
