start=1317.233000
volume=88.000000
fullscreen=yes
sid=3
