start=1420.109295
pause=yes
volume=92.000000
sid=1
