start=1317.066000
volume=92.000000
fullscreen=yes
sid=1
