start=1619.785000
volume=96.000000
fullscreen=yes
sid=2
