start=1401.191000
volume=94.000000
fullscreen=yes
sid=1
