start=1165.206000
speed=1.464100
pause=yes
volume=88.000000
sub-pos=99
