start=1430.014021
pause=yes
volume=88.000000
