start=284.618000
pause=yes
volume=78.000000
