start=1387.303000
volume=94.000000
audio-delay=-0.000000
fullscreen=yes
