start=1398.897000
volume=92.000000
fullscreen=yes
sid=1
