start=1425.049000
volume=84.000000
fullscreen=yes
