start=1315.064000
volume=76.000000
fullscreen=yes
sid=3
