start=1352.646000
volume=78.000000
fullscreen=yes
