start=1447.363000
volume=84.000000
fullscreen=yes
aid=1
sid=1
sub-ass-override=no
