start=320.237000
pause=yes
volume=70.000000
