start=1480.896000
pause=yes
volume=96.000000
