start=1473.597000
volume=98.000000
fullscreen=yes
