start=1408.907000
volume=84.000000
fullscreen=yes
sid=1
