start=1345.844000
volume=84.000000
fullscreen=yes
sid=1
