start=1407.531000
volume=90.000000
fullscreen=yes
sid=1
