start=1401.945000
pause=yes
volume=86.000000
aid=1
