start=1398.606000
volume=88.000000
fullscreen=yes
sid=1
