start=1382.506000
volume=76.000000
fullscreen=yes
