start=1416.707000
volume=86.000000
