start=1314.946000
volume=92.000000
fullscreen=yes
