start=1396.897000
volume=98.000000
fullscreen=yes
