start=1433.849000
volume=90.000000
fullscreen=yes
