start=1316.023000
volume=94.000000
fullscreen=yes
sid=3
