start=1424.340000
volume=90.000000
fullscreen=yes
