start=1401.108000
volume=98.000000
fullscreen=yes
sid=1
