start=1401.150000
volume=92.000000
fullscreen=yes
sid=1
sub-ass-override=no
