start=1368.875000
volume=72.000000
fullscreen=yes
sid=2
