start=1384.967000
volume=84.000000
fullscreen=yes
