start=995.328000
pause=yes
volume=84.000000
audio-delay=0.000000
sid=1
