start=1385.317000
volume=90.000000
fullscreen=yes
sid=2
