start=1398.982000
volume=84.000000
fullscreen=yes
