start=1407.489000
volume=94.000000
fullscreen=yes
sid=1
sub-delay=-0.042000
