start=1384.425000
volume=94.000000
fullscreen=yes
