start=1304.769000
volume=84.000000
