start=1395.978000
volume=90.000000
fullscreen=yes
