start=1335.834000
volume=94.000000
fullscreen=yes
sid=1
