start=1321.362000
volume=96.000000
fullscreen=yes
sid=1
