start=1381.964000
volume=88.000000
fullscreen=yes
