start=1422.254000
volume=74.000000
fullscreen=yes
