start=1348.514000
volume=78.000000
fullscreen=yes
sid=1
