start=1340.714000
volume=78.000000
fullscreen=yes
sub-scale=1.100000
