start=1381.547000
volume=90.000000
fullscreen=yes
sid=1
