start=1406.697000
volume=90.000000
fullscreen=yes
sid=1
