start=1450.491000
volume=78.000000
fullscreen=yes
