start=1430.222000
volume=72.000000
