start=1350.474000
volume=86.000000
fullscreen=yes
sid=1
