start=1398.981000
volume=90.000000
fullscreen=yes
sid=1
