start=1380.087000
volume=88.000000
fullscreen=yes
