start=1402.651000
volume=80.000000
fullscreen=yes
sid=1
