start=1384.133000
volume=96.000000
