start=1315.231000
volume=94.000000
fullscreen=yes
sid=3
