start=1421.170000
volume=84.000000
fullscreen=yes
