start=1406.363000
volume=92.000000
fullscreen=yes
sid=1
