start=1359.942000
volume=92.000000
fullscreen=yes
sid=2
