start=1322.614000
volume=94.000000
