start=1383.749000
volume=72.000000
fullscreen=yes
sid=2
