start=1399.149000
volume=92.000000
