start=1419.419000
pause=yes
volume=98.000000
