start=1420.016415
pause=yes
volume=82.000000
fullscreen=yes
sid=1
