start=1412.786000
volume=98.000000
fullscreen=yes
sid=1
