start=1422.838000
volume=74.000000
fullscreen=yes
