start=1427.843000
volume=94.000000
fullscreen=yes
