start=1469.268000
volume=98.000000
sid=3
