start=1358.990000
volume=88.000000
fullscreen=yes
sid=2
