start=1422.004000
volume=92.000000
fullscreen=yes
