start=1399.189000
speed=2.853117
volume=90.000000
fullscreen=yes
sid=1
