start=1393.809000
volume=92.000000
