start=1345.886000
volume=84.000000
fullscreen=yes
