start=1317.525000
volume=82.000000
fullscreen=yes
sid=3
