start=1386.343000
volume=96.000000
fullscreen=yes
