start=1380.796000
volume=94.000000
fullscreen=yes
