start=1402.026000
volume=80.000000
fullscreen=yes
sid=3
