start=1434.607000
volume=76.000000
fullscreen=yes
