start=1375.381000
volume=92.000000
sid=2
