start=759.550000
volume=78.000000
fullscreen=yes
