start=1318.400000
volume=82.000000
fullscreen=yes
ontop=yes
sid=3
