start=1423.422000
volume=82.000000
sid=1
