start=1339.088000
volume=86.000000
fullscreen=yes
sid=1
