start=1415.205000
volume=90.000000
fullscreen=yes
