start=1416.707000
volume=80.000000
fullscreen=yes
sid=1
