start=1379.845000
volume=90.000000
fullscreen=yes
sid=3
