start=1347.846000
volume=98.000000
fullscreen=yes
sid=1
