start=1440.814000
volume=80.000000
fullscreen=yes
