start=1344.919000
volume=78.000000
fullscreen=yes
