start=1384.633000
volume=92.000000
fullscreen=yes
