start=1318.108000
volume=96.000000
fullscreen=yes
sid=1
