start=1406.196000
volume=82.000000
fullscreen=yes
sid=1
