start=329.496000
speed=1.000000
fullscreen=yes
sid=1
