start=1401.358333
pause=yes
volume=94.000000
sid=3
