start=1401.025000
volume=96.000000
fullscreen=yes
sid=1
