start=1359.985000
volume=94.000000
fullscreen=yes
