start=1384.383000
volume=90.000000
fullscreen=yes
sid=2
