start=2984.484000
volume=78.000000
audio-delay=-0.000000
fullscreen=yes
