start=1338.630000
volume=98.000000
