start=1437.020000
volume=98.000000
fullscreen=yes
