start=1407.865000
volume=86.000000
fullscreen=yes
sid=1
