start=1344.343000
volume=82.000000
fullscreen=yes
