start=2685.975000
volume=92.000000
fullscreen=yes
sid=2
