start=1420.016308
pause=yes
volume=78.000000
fullscreen=yes
aid=1
sid=1
