start=316.316000
volume=98.000000
aid=1
sid=19
