start=1406.805000
volume=90.000000
fullscreen=yes
sid=2
