start=1401.358000
volume=88.000000
fullscreen=yes
sid=1
