start=1354.215000
volume=84.000000
fullscreen=yes
