start=1316.357000
volume=82.000000
fullscreen=yes
sid=1
