start=1338.671000
speed=1.331000
volume=98.000000
fullscreen=yes
sid=1
