start=76.643000
volume=98.000000
