start=1554.511000
volume=92.000000
fullscreen=yes
sid=2
