start=1362.319000
volume=78.000000
fullscreen=yes
