start=1387.344000
volume=88.000000
fullscreen=yes
sid=1
