start=1385.017000
volume=90.000000
fullscreen=yes
sid=2
