start=1345.345000
volume=92.000000
fullscreen=yes
