start=1385.509000
volume=98.000000
