start=1337.254000
volume=92.000000
