start=1369.827000
volume=82.000000
fullscreen=yes
