start=1430.054000
pause=yes
volume=82.000000
