start=1399.898000
volume=88.000000
fullscreen=yes
sid=1
