start=1098.698000
pause=yes
volume=90.000000
sid=2
