start=1393.517000
volume=94.000000
fullscreen=yes
sid=1
