start=1406.405000
volume=88.000000
fullscreen=yes
sid=1
