start=1408.699000
volume=80.000000
fullscreen=yes
sid=1
