start=1310.684000
volume=92.000000
