start=1336.001000
volume=90.000000
fullscreen=yes
sid=1
