start=1346.220000
volume=86.000000
fullscreen=yes
