start=1761.760000
pause=yes
volume=94.000000
