start=8391.383000
pause=yes
volume=86.000000
aid=1
sid=1
