start=1378.259000
volume=86.000000
sid=2
