start=1452.885000
volume=88.000000
sid=3
