start=1381.755000
volume=88.000000
fullscreen=yes
