start=1635.801000
volume=92.000000
audio-delay=0.000000
fullscreen=yes
sid=2
