start=1324.782000
volume=74.000000
audio-delay=-0.000000
fullscreen=yes
sub-ass-override=no
