start=1370.501000
volume=96.000000
sid=2
