start=1396.230000
volume=88.000000
fullscreen=yes
