start=1400.774000
volume=84.000000
fullscreen=yes
sid=1
