start=1326.951000
volume=92.000000
aid=1
sid=1
