start=1407.573000
volume=90.000000
fullscreen=yes
sid=1
