start=1390.097000
volume=92.000000
fullscreen=yes
