start=1377.598000
volume=96.000000
fullscreen=yes
sid=3
