start=1308.432000
volume=90.000000
