start=1397.062000
pause=yes
volume=94.000000
sid=2
