start=1386.218000
volume=90.000000
sid=3
