start=1432.514000
volume=82.000000
fullscreen=yes
