start=1309.975000
volume=92.000000
