start=1330.579000
volume=90.000000
sid=3
