start=1422.129000
volume=82.000000
