start=1317.942000
volume=72.000000
fullscreen=yes
sid=1
