start=1329.453000
volume=86.000000
fullscreen=yes
sid=3
