start=1402.651000
volume=82.000000
fullscreen=yes
sid=1
