start=1382.881000
volume=88.000000
fullscreen=yes
