start=1409.742000
volume=98.000000
fullscreen=yes
sid=1
