start=1384.550000
volume=92.000000
fullscreen=yes
