start=1337.253000
volume=92.000000
fullscreen=yes
sid=1
