start=1317.066000
volume=76.000000
fullscreen=yes
sid=1
