start=1426.800000
volume=84.000000
fullscreen=yes
sid=1
