start=1363.737000
volume=86.000000
fullscreen=yes
