start=1345.803000
volume=88.000000
fullscreen=yes
