start=1402.234000
volume=80.000000
fullscreen=yes
sid=1
