start=1370.703000
volume=82.000000
fullscreen=yes
