start=1440.054719
pause=yes
volume=84.000000
