start=1408.741000
volume=98.000000
fullscreen=yes
sid=1
