start=1377.710000
volume=94.000000
sid=3
