start=1345.427000
volume=82.000000
fullscreen=yes
