start=1396.897000
volume=94.000000
