start=1338.505000
volume=86.000000
