start=1317.900000
volume=74.000000
fullscreen=yes
sid=1
