start=1403.944000
volume=84.000000
fullscreen=yes
sid=1
