start=1398.147000
volume=86.000000
fullscreen=yes
