start=1429.011000
volume=64.000000
fullscreen=yes
