start=1397.147000
volume=88.000000
audio-delay=-0.000000
fullscreen=yes
sub-ass-override=no
