start=1410.659000
volume=90.000000
fullscreen=yes
sid=1
