start=1385.618000
volume=88.000000
fullscreen=yes
sid=2
