start=1384.174000
volume=94.000000
fullscreen=yes
