start=1387.636000
volume=82.000000
sid=3
