start=1386.318000
volume=80.000000
fullscreen=yes
sid=2
