start=1317.358000
volume=80.000000
fullscreen=yes
sid=1
