start=1461.460333
pause=yes
volume=98.000000
sid=2
