start=1327.375000
volume=92.000000
fullscreen=yes
ontop=yes
sid=2
