start=1268.033000
volume=92.000000
fullscreen=yes
sid=2
