start=1477.184000
volume=92.000000
