start=1396.520000
pause=yes
volume=86.000000
fullscreen=yes
aid=1
sid=1
