start=1339.720000
volume=92.000000
fullscreen=yes
