start=1417.709000
volume=94.000000
fullscreen=yes
