start=1557.473000
volume=80.000000
audio-delay=0.042000
fullscreen=yes
