start=1431.520000
volume=90.000000
fullscreen=yes
sid=2
