start=1417.833000
volume=88.000000
fullscreen=yes
sid=1
