start=1322.446000
volume=86.000000
fullscreen=yes
