start=1413.954000
volume=66.000000
fullscreen=yes
