start=1355.729000
volume=96.000000
sid=3
