start=1438.778000
volume=78.000000
sid=2
