start=1396.645000
volume=88.000000
fullscreen=yes
sid=1
