start=1411.744000
volume=86.000000
fullscreen=yes
sid=1
