start=1347.179000
volume=84.000000
fullscreen=yes
