start=1401.025000
volume=94.000000
fullscreen=yes
sid=1
