start=1481.746933
volume=88.000000
contrast=-1
