start=1385.551000
volume=90.000000
fullscreen=yes
