start=1385.759000
volume=84.000000
fullscreen=yes
sid=1
