start=1354.687000
volume=80.000000
fullscreen=yes
