start=1383.215000
volume=90.000000
fullscreen=yes
