start=1400.024000
volume=84.000000
