start=1446.779000
volume=84.000000
fullscreen=yes
sid=2
