start=1430.013688
pause=yes
volume=88.000000
