start=1377.626000
volume=94.000000
sid=3
