start=1377.878000
volume=80.000000
