start=1419.878000
volume=78.000000
