start=1408.365000
volume=80.000000
fullscreen=yes
sid=1
