start=1315.689000
volume=88.000000
fullscreen=yes
sid=1
