start=1431.972000
volume=90.000000
fullscreen=yes
