start=1386.135000
volume=94.000000
fullscreen=yes
