start=1420.170000
volume=96.000000
fullscreen=yes
