start=1309.565000
volume=88.000000
audio-delay=0.000000
sid=2
