start=1423.964000
volume=82.000000
fullscreen=yes
