start=1423.464000
volume=70.000000
fullscreen=yes
