start=1375.241000
volume=98.000000
fullscreen=yes
ontop=yes
sid=3
