start=1386.719000
volume=86.000000
fullscreen=yes
