start=610.985000
speed=1.100000
volume=70.000000
fullscreen=yes
sid=1
