start=1524.690000
volume=94.000000
fullscreen=yes
sid=2
