start=1384.842000
volume=94.000000
