start=1478.394000
volume=72.000000
fullscreen=yes
sid=1
