start=1420.336000
pause=yes
volume=86.000000
fullscreen=yes
aid=1
sid=2
