start=1395.436000
volume=98.000000
fullscreen=yes
