start=1438.063000
volume=82.000000
fullscreen=yes
