start=1552.634000
volume=90.000000
