start=1401.900000
volume=80.000000
fullscreen=yes
sid=1
