start=1366.949000
volume=88.000000
fullscreen=yes
