start=1326.159000
volume=88.000000
fullscreen=yes
