start=1422.796000
volume=94.000000
