start=90.055000
pause=yes
volume=90.000000
