start=1424.173000
volume=84.000000
fullscreen=yes
