start=1436.861643
speed=1.210000
volume=82.000000
fullscreen=yes
sid=1
