start=1580.222000
volume=94.000000
fullscreen=yes
