start=1387.678000
volume=92.000000
fullscreen=yes
