start=1419.211000
volume=86.000000
fullscreen=yes
