start=249.166000
volume=90.000000
fullscreen=yes
sid=1
