start=1323.072000
volume=96.000000
fullscreen=yes
sid=1
sub-ass-override=no
