start=1422.005000
speed=1.000000
pause=yes
volume=82.000000
fullscreen=yes
