start=1402.484000
volume=82.000000
fullscreen=yes
sid=1
