start=1321.403000
volume=88.000000
fullscreen=yes
