start=1301.592000
speed=1.000000
volume=84.000000
fullscreen=yes
sid=3
