start=1423.505000
volume=94.000000
fullscreen=yes
