start=1377.835000
volume=98.000000
fullscreen=yes
