start=1389.688000
volume=90.000000
fullscreen=yes
aid=1
sid=2
sub-ass-override=no
