start=1307.097000
volume=70.000000
fullscreen=yes
sid=3
