start=1337.503000
volume=84.000000
fullscreen=yes
sid=1
