start=1316.440000
volume=90.000000
fullscreen=yes
sid=3
