start=1401.692000
volume=96.000000
fullscreen=yes
sid=1
