start=1337.878000
audio-delay=0.000000
fullscreen=yes
sid=1
