start=1399.191000
volume=96.000000
fullscreen=yes
