start=1402.109000
volume=86.000000
fullscreen=yes
sid=1
