start=1373.038873
speed=1.331000
pause=yes
aid=1
sid=1
