start=1377.835000
volume=94.000000
fullscreen=yes
sid=3
