start=1401.525000
volume=88.000000
fullscreen=yes
sid=1
