start=1347.346000
volume=80.000000
fullscreen=yes
