start=1169.502000
pause=yes
volume=96.000000
sub-delay=0.000000
