start=1402.860000
pause=yes
volume=94.000000
sid=3
