start=1341.799000
speed=1.610510
fullscreen=yes
sid=1
