start=1427.029333
pause=yes
volume=92.000000
sid=1
