start=1340.798000
volume=92.000000
fullscreen=yes
sid=1
