start=1399.773000
volume=82.000000
fullscreen=yes
sid=1
