start=1408.073000
volume=98.000000
fullscreen=yes
sid=1
