start=1341.298000
volume=88.000000
fullscreen=yes
sid=1
