start=1386.844000
volume=94.000000
fullscreen=yes
