start=1391.223000
volume=90.000000
fullscreen=yes
