start=1399.023000
volume=88.000000
fullscreen=yes
sid=1
