start=1314.570000
volume=94.000000
