start=1320.361000
volume=92.000000
fullscreen=yes
sid=1
