start=1370.537000
speed=0.909091
volume=82.000000
fullscreen=yes
