start=1401.066000
volume=88.000000
audio-delay=0.000000
fullscreen=yes
sid=1
