start=1424.673000
volume=86.000000
audio-delay=0.042000
fullscreen=yes
