start=1227.977000
pause=yes
volume=92.000000
sid=19
