start=1386.719000
volume=84.000000
fullscreen=yes
