start=1413.781000
volume=78.000000
fullscreen=yes
sid=1
