start=1403.777000
volume=90.000000
fullscreen=yes
sid=1
