start=1343.884000
speed=1.464100
fullscreen=yes
ontop=yes
sid=1
