start=1408.157000
volume=90.000000
fullscreen=yes
sid=1
