start=1419.626000
volume=98.000000
sid=2
