start=1409.241000
volume=76.000000
fullscreen=yes
sid=1
