start=1381.505000
volume=98.000000
fullscreen=yes
sid=3
