start=1390.933000
volume=88.000000
fullscreen=yes
