start=1413.412000
volume=72.000000
audio-delay=-0.000000
fullscreen=yes
