start=774.340932
speed=1.771561
pause=yes
volume=96.000000
