start=1384.850000
volume=94.000000
fullscreen=yes
sid=2
