start=1480.938000
pause=yes
volume=92.000000
sid=1
