start=1119.577000
pause=yes
volume=54.000000
