start=1322.703000
volume=80.000000
fullscreen=yes
