start=1319.693000
volume=80.000000
sid=3
