start=1386.010000
volume=90.000000
fullscreen=yes
sid=1
sub-ass-override=no
