start=1401.400000
volume=94.000000
fullscreen=yes
sid=1
