start=1396.605000
speed=1.000000
volume=86.000000
fullscreen=yes
