start=1375.751000
volume=98.000000
fullscreen=yes
