start=1401.600000
volume=90.000000
sid=3
