start=1405.321000
volume=88.000000
fullscreen=yes
sid=1
