start=1402.818000
volume=88.000000
fullscreen=yes
sid=1
