start=1459.291000
volume=86.000000
sid=3
