start=1383.215000
volume=86.000000
fullscreen=yes
sid=1
