start=1402.443000
volume=84.000000
fullscreen=yes
sid=1
