start=1408.157000
volume=76.000000
audio-delay=0.000000
fullscreen=yes
sid=1
