start=1384.783000
volume=80.000000
fullscreen=yes
sid=2
