start=1427.676000
volume=78.000000
fullscreen=yes
sid=1
