start=1418.042000
volume=96.000000
fullscreen=yes
sid=1
