start=1379.086000
volume=88.000000
fullscreen=yes
sid=2
