start=1316.524000
volume=90.000000
fullscreen=yes
sid=3
