start=1429.970000
pause=yes
volume=78.000000
