start=1373.916000
volume=92.000000
fullscreen=yes
