start=1406.048000
volume=66.000000
fullscreen=yes
