start=1539.747000
volume=90.000000
fullscreen=yes
