start=9286.162456
volume=72.000000
sid=no
