start=1386.760000
volume=88.000000
fullscreen=yes
sid=1
