start=1379.003000
volume=98.000000
sub-ass-override=no
