start=1421.337000
volume=88.000000
fullscreen=yes
