start=1376.976000
volume=94.000000
fullscreen=yes
sid=3
