start=1377.626000
volume=90.000000
fullscreen=yes
