start=1530.009399
pause=yes
volume=86.000000
