start=1406.196000
volume=88.000000
fullscreen=yes
sid=1
