start=1388.095000
volume=88.000000
fullscreen=yes
