start=1314.104000
volume=80.000000
fullscreen=yes
sid=1
