start=1449.246000
volume=84.000000
sid=2
