start=1322.279000
volume=78.000000
fullscreen=yes
sid=1
