start=1394.560000
volume=84.000000
audio-delay=0.000000
fullscreen=yes
