start=1323.037000
volume=94.000000
