start=1391.523000
volume=92.000000
fullscreen=yes
sid=2
