start=1399.857000
volume=82.000000
fullscreen=yes
sid=1
