start=1399.356000
volume=96.000000
fullscreen=yes
sid=1
