start=1357.315000
volume=94.000000
fullscreen=yes
