start=1390.306000
volume=76.000000
fullscreen=yes
