start=1392.182000
volume=84.000000
fullscreen=yes
