start=1284.492000
speed=1.000000
volume=86.000000
fullscreen=yes
sid=1
