start=1400.524000
volume=94.000000
audio-delay=0.000000
fullscreen=yes
sid=1
