start=1383.549000
volume=96.000000
fullscreen=yes
sub-delay=-15.011995
