start=1399.483000
speed=1.331000
volume=90.000000
fullscreen=yes
