start=1474.807000
volume=86.000000
fullscreen=yes
aid=2
sid=2
