start=1418.459000
volume=82.000000
fullscreen=yes
sid=1
