start=1429.845000
volume=96.000000
fullscreen=yes
