start=1346.430000
volume=94.000000
fullscreen=yes
