start=1389.555000
volume=94.000000
fullscreen=yes
sid=2
