start=1545.988000
volume=92.000000
fullscreen=yes
