start=1385.684000
volume=88.000000
fullscreen=yes
sid=2
