start=1399.106000
speed=1.000000
fullscreen=yes
sid=1
