start=1407.072000
volume=92.000000
sid=1
sub-ass-override=no
