start=1305.471000
volume=92.000000
