start=1348.806000
volume=98.000000
aid=1
sid=1
