start=1342.258000
volume=84.000000
fullscreen=yes
aid=1
sid=1
