start=1396.730000
volume=96.000000
fullscreen=yes
