start=90.007000
volume=88.000000
aid=1
sid=1
