start=1316.148000
speed=1.464100
volume=86.000000
fullscreen=yes
sid=1
