start=1407.323000
volume=84.000000
fullscreen=yes
sid=1
