start=1481.271000
volume=84.000000
fullscreen=yes
sid=1
