start=1399.106000
volume=92.000000
fullscreen=yes
