start=1436.310000
volume=96.000000
fullscreen=yes
