start=1324.372000
volume=78.000000
fullscreen=yes
