start=1370.452000
volume=86.000000
fullscreen=yes
sid=1
