start=1404.570000
volume=80.000000
fullscreen=yes
sid=1
