start=1327.826000
volume=86.000000
fullscreen=yes
sid=3
