start=1408.324000
volume=82.000000
audio-delay=0.000000
fullscreen=yes
sid=1
