start=1524.732000
volume=82.000000
fullscreen=yes
sid=2
