start=1480.896000
pause=yes
volume=82.000000
