start=1429.595000
volume=96.000000
fullscreen=yes
