start=1432.096000
pause=yes
volume=96.000000
fullscreen=yes
aid=1
sid=1
