start=1319.276000
volume=92.000000
audio-delay=0.000000
fullscreen=yes
sid=3
