start=1401.692000
volume=88.000000
fullscreen=yes
ontop=yes
sid=1
