start=1317.608000
volume=82.000000
fullscreen=yes
