start=1495.953000
pause=yes
volume=72.000000
