start=1382.423000
volume=98.000000
fullscreen=yes
