start=1486.193000
volume=58.000000
fullscreen=yes
