start=1537.536000
volume=90.000000
fullscreen=yes
