start=1408.824000
volume=94.000000
sid=1
