start=1314.980000
volume=94.000000
fullscreen=yes
sid=3
