start=1399.231000
volume=92.000000
fullscreen=yes
sid=1
