start=1400.899000
volume=94.000000
fullscreen=yes
sid=1
