start=1435.086449
pause=yes
volume=92.000000
