start=1315.564000
volume=96.000000
fullscreen=yes
sid=1
