start=1335.000000
volume=86.000000
fullscreen=yes
sid=1
