start=1403.110000
volume=84.000000
fullscreen=yes
sid=1
