start=1408.240000
volume=88.000000
fullscreen=yes
sid=1
