start=1385.651000
volume=94.000000
fullscreen=yes
sid=2
