start=1427.093000
pause=yes
volume=84.000000
