start=1322.988000
volume=92.000000
fullscreen=yes
