start=1421.211000
volume=92.000000
fullscreen=yes
