start=1382.006000
volume=88.000000
fullscreen=yes
