start=1386.118000
volume=84.000000
fullscreen=yes
sid=2
