start=6128.042667
pause=yes
volume=98.000000
aid=1
sid=1
