start=1386.385000
volume=84.000000
sub-ass-override=no
