start=1383.349000
volume=94.000000
sid=3
