start=1337.294000
volume=98.000000
fullscreen=yes
sid=1
