start=1385.551000
volume=84.000000
fullscreen=yes
sid=2
