start=1350.642000
volume=90.000000
fullscreen=yes
