start=1449.990000
pause=yes
volume=98.000000
audio-delay=-0.000000
fullscreen=yes
