start=1350.015000
volume=94.000000
fullscreen=yes
sid=1
