start=3.866667
volume=98.000000
