start=1068.192000
volume=92.000000
