start=1369.952000
pause=yes
volume=76.000000
sid=1
