start=1403.115000
pause=yes
volume=78.000000
