start=1387.970000
pause=yes
volume=88.000000
