start=1408.407000
volume=78.000000
fullscreen=yes
sid=1
