start=1387.846000
audio-delay=-0.000000
fullscreen=yes
