start=1420.920000
volume=88.000000
