start=1422.087000
volume=86.000000
fullscreen=yes
