start=1399.064000
volume=98.000000
fullscreen=yes
sid=1
