start=1495.911000
pause=yes
volume=90.000000
