start=1401.634000
volume=82.000000
fullscreen=yes
sid=2
sub-ass-override=no
