start=1398.897000
volume=82.000000
audio-delay=-0.000000
fullscreen=yes
sid=1
