start=1523.313000
volume=94.000000
fullscreen=yes
sid=2
