start=1460.584000
pause=yes
volume=80.000000
audio-delay=-0.000000
aid=1
sid=1
