start=1318.717000
volume=86.000000
fullscreen=yes
sid=3
