start=1404.154000
volume=94.000000
fullscreen=yes
