start=1377.668000
volume=90.000000
fullscreen=yes
