start=1344.218000
volume=62.000000
fullscreen=yes
sid=1
