start=1385.175000
volume=92.000000
fullscreen=yes
