start=1349.098000
volume=84.000000
fullscreen=yes
