start=1431.472000
speed=1.100000
volume=74.000000
