start=1412.278000
volume=98.000000
fullscreen=yes
sid=2
