start=1347.937000
volume=96.000000
fullscreen=yes
sid=2
