start=1383.799000
volume=86.000000
fullscreen=yes
