start=1380.279000
volume=96.000000
sid=3
