start=1381.422000
volume=96.000000
fullscreen=yes
