start=1638.345000
volume=94.000000
fullscreen=yes
sid=2
