start=1386.135000
volume=98.000000
fullscreen=yes
