start=1383.415000
volume=88.000000
fullscreen=yes
sid=2
