start=1397.980000
volume=72.000000
fullscreen=yes
sid=1
sub-delay=-0.000000
