start=1345.469000
volume=90.000000
fullscreen=yes
