start=946.333000
pause=yes
audio-delay=-0.000000
