start=1406.155000
volume=86.000000
fullscreen=yes
sid=1
