start=1449.970045
pause=yes
volume=96.000000
