start=1405.821000
volume=80.000000
fullscreen=yes
sid=1
