start=1388.012000
volume=88.000000
fullscreen=yes
sid=1
