start=1425.716000
volume=82.000000
fullscreen=yes
