start=1420.109379
pause=yes
volume=94.000000
