start=1384.049000
volume=86.000000
fullscreen=yes
sid=2
