start=1403.068000
volume=90.000000
sid=3
