start=1429.971646
pause=yes
volume=82.000000
