start=1422.296000
volume=80.000000
audio-delay=0.000000
fullscreen=yes
sid=1
