start=1337.336000
volume=94.000000
fullscreen=yes
sid=1
