start=1322.321000
speed=1.610510
fullscreen=yes
sid=1
