start=1348.549000
volume=68.000000
fullscreen=yes
sid=1
