start=1550.799000
audio-delay=0.000000
fullscreen=yes
sid=2
