start=1381.213000
volume=90.000000
fullscreen=yes
sid=3
