start=1332.839000
volume=92.000000
