start=1384.116000
volume=96.000000
fullscreen=yes
