start=1388.053000
pause=yes
volume=94.000000
audio-delay=-0.000000
sid=3
