start=1402.234000
volume=82.000000
fullscreen=yes
sid=1
