start=1402.943000
volume=88.000000
fullscreen=yes
sid=1
