start=1441.489000
volume=96.000000
fullscreen=yes
sid=2
