start=18.935583
volume=76.000000
