start=1385.484000
volume=88.000000
fullscreen=yes
sid=2
