start=1336.835000
volume=78.000000
fullscreen=yes
sid=1
