start=1322.829000
volume=98.000000
sid=2
