start=1343.914000
volume=92.000000
fullscreen=yes
