start=1363.578000
volume=92.000000
sid=2
