start=1314.563000
volume=86.000000
fullscreen=yes
sid=1
