start=1390.889000
pause=yes
volume=90.000000
saturation=1
sid=3
