start=1409.366000
volume=96.000000
fullscreen=yes
sid=1
