start=1530.148753
pause=yes
volume=96.000000
