start=1356.431000
volume=76.000000
sub-delay=-0.000000
