start=1429.678000
volume=86.000000
