start=1382.756000
volume=94.000000
fullscreen=yes
