start=1382.256000
volume=90.000000
fullscreen=yes
