start=1417.124000
volume=78.000000
