start=1337.545000
volume=84.000000
fullscreen=yes
sid=1
