start=1430.015667
pause=yes
volume=78.000000
