start=1371.579000
volume=90.000000
sid=1
