start=1402.359000
volume=86.000000
fullscreen=yes
sid=1
