start=1378.611000
volume=92.000000
sid=3
