start=1419.960000
volume=92.000000
fullscreen=yes
