start=1346.762000
volume=86.000000
fullscreen=yes
