start=1338.754000
volume=90.000000
fullscreen=yes
sid=1
