start=1382.631000
volume=92.000000
fullscreen=yes
