start=480.814000
pause=yes
volume=80.000000
