start=2915.079000
volume=82.000000
audio-delay=-0.000000
fullscreen=yes
