start=1413.840587
volume=70.000000
fullscreen=yes
