start=1315.105000
volume=90.000000
fullscreen=yes
sid=3
