start=1449.908000
pause=yes
volume=78.000000
