start=1385.592000
volume=92.000000
fullscreen=yes
