start=1313.187000
volume=96.000000
fullscreen=yes
sid=1
