start=1386.518000
volume=88.000000
fullscreen=yes
sid=2
