start=1407.531000
volume=94.000000
fullscreen=yes
sid=1
