start=1412.793000
volume=84.000000
fullscreen=yes
