start=1380.296000
volume=82.000000
fullscreen=yes
