start=1436.226000
volume=90.000000
fullscreen=yes
