start=1387.136000
volume=78.000000
fullscreen=yes
