start=1388.470000
volume=92.000000
fullscreen=yes
