start=1420.109206
pause=yes
volume=78.000000
fullscreen=yes
sid=1
