start=1383.007000
volume=98.000000
fullscreen=yes
