start=1377.042000
volume=92.000000
fullscreen=yes
sid=3
