start=1382.840000
speed=1.000000
volume=96.000000
fullscreen=yes
