start=1384.617000
volume=96.000000
fullscreen=yes
sid=2
