start=1339.338000
volume=74.000000
fullscreen=yes
sid=1
