start=1382.965000
volume=82.000000
fullscreen=yes
