start=1316.732000
volume=84.000000
fullscreen=yes
sid=3
