start=1438.187000
volume=82.000000
fullscreen=yes
