start=1324.949000
volume=90.000000
fullscreen=yes
sid=3
