start=1422.713000
volume=88.000000
fullscreen=yes
