start=1382.548000
volume=98.000000
fullscreen=yes
