start=1360.901000
volume=96.000000
sid=2
