start=1343.884000
volume=90.000000
fullscreen=yes
sid=1
