start=1315.606000
volume=94.000000
fullscreen=yes
sid=3
