start=1404.278000
speed=1.000000
volume=92.000000
fullscreen=yes
sid=1
