start=1348.682000
volume=94.000000
fullscreen=yes
