start=1509.299000
volume=88.000000
fullscreen=yes
