start=1408.407000
volume=90.000000
fullscreen=yes
sid=1
