start=1407.239000
osd-level=3
volume=92.000000
audio-delay=-0.000000
