start=1411.160000
volume=98.000000
