start=1335.668000
volume=98.000000
