start=1336.043000
volume=88.000000
fullscreen=yes
sid=1
