start=1312.610000
volume=86.000000
fullscreen=yes
sid=1
