start=1390.973000
volume=90.000000
fullscreen=yes
