start=1345.135000
volume=90.000000
fullscreen=yes
