start=1348.418000
volume=76.000000
fullscreen=yes
