start=1397.646000
volume=78.000000
fullscreen=yes
sid=1
