start=1382.131000
volume=94.000000
fullscreen=yes
