start=1408.699000
volume=78.000000
audio-delay=0.000000
fullscreen=yes
sid=1
