start=1360.651000
volume=92.000000
sid=2
