start=1381.213000
volume=92.000000
fullscreen=yes
sid=2
sub-ass-override=no
