start=1384.258000
volume=88.000000
fullscreen=yes
