start=1430.012000
volume=86.000000
fullscreen=yes
