start=1423.380000
volume=96.000000
fullscreen=yes
