start=1395.938000
audio-delay=0.000000
