start=1422.838000
volume=84.000000
fullscreen=yes
