start=1586.085000
volume=92.000000
fullscreen=yes
sid=2
