start=1313.646000
volume=96.000000
fullscreen=yes
sid=1
