start=1388.120000
volume=94.000000
fullscreen=yes
