start=1377.276000
volume=98.000000
fullscreen=yes
sid=3
