start=1412.995000
volume=92.000000
fullscreen=yes
sid=1
