start=1391.098000
volume=86.000000
fullscreen=yes
