start=1536.577000
pause=yes
volume=96.000000
aid=1
sid=1
