start=1443.275000
volume=92.000000
fullscreen=yes
sid=2
