start=1370.960000
volume=76.000000
sid=2
