start=1421.337000
volume=94.000000
fullscreen=yes
sid=1
