start=1398.981000
volume=96.000000
fullscreen=yes
sid=2
