start=1385.818000
volume=98.000000
fullscreen=yes
sid=2
