start=1495.953000
pause=yes
volume=98.000000
