start=1396.645000
volume=98.000000
fullscreen=yes
