start=1385.884000
volume=98.000000
fullscreen=yes
