start=1386.927000
volume=96.000000
