start=1403.444000
volume=94.000000
fullscreen=yes
sid=1
