start=1420.836000
volume=96.000000
fullscreen=yes
