start=1317.983000
volume=80.000000
fullscreen=yes
sid=1
