start=1430.055063
pause=yes
volume=76.000000
