start=1400.816000
volume=88.000000
fullscreen=yes
sid=1
