start=1394.159000
volume=94.000000
sid=3
