start=1401.775000
volume=90.000000
fullscreen=yes
sid=1
