start=1383.882000
volume=92.000000
ontop=yes
sid=3
