start=1496.870000
volume=86.000000
