start=588.171000
pause=yes
volume=70.000000
contrast=-1
sid=1
