start=1424.965000
volume=88.000000
fullscreen=yes
