start=1384.116000
volume=88.000000
fullscreen=yes
sid=2
