start=1412.913000
speed=2.357948
volume=90.000000
fullscreen=yes
