start=1317.149000
volume=76.000000
fullscreen=yes
sid=1
