start=1396.962000
volume=92.000000
sid=3
