start=1379.878000
volume=86.000000
fullscreen=yes
