start=1384.591000
volume=92.000000
sub-ass-override=no
