start=1308.898000
volume=94.000000
