start=1331.498000
volume=90.000000
