start=1385.584000
volume=80.000000
fullscreen=yes
sid=2
