start=1420.794000
volume=86.000000
fullscreen=yes
