start=1412.078000
volume=74.000000
