start=1323.204000
volume=84.000000
fullscreen=yes
