start=1358.607000
volume=98.000000
audio-delay=-0.000000
fullscreen=yes
sid=2
