start=1420.127000
volume=78.000000
fullscreen=yes
sid=1
sub-ass-override=no
