start=1407.656000
volume=92.000000
fullscreen=yes
sid=1
