start=1392.458000
volume=94.000000
fullscreen=yes
sid=2
