start=1318.067000
volume=86.000000
fullscreen=yes
