start=1406.572000
volume=80.000000
fullscreen=yes
