start=1411.452000
volume=84.000000
fullscreen=yes
sid=1
