start=1361.068000
pause=yes
volume=82.000000
sid=1
