start=1408.507000
volume=94.000000
fullscreen=yes
sid=1
