start=1405.529000
volume=76.000000
fullscreen=yes
sid=1
