start=1383.882000
volume=94.000000
fullscreen=yes
sid=1
