start=1386.760000
volume=84.000000
fullscreen=yes
