start=1476.141000
volume=94.000000
aid=5
sid=3
