start=1385.651000
volume=86.000000
sid=3
