start=1314.188000
volume=82.000000
sid=1
