start=1298.005000
volume=88.000000
fullscreen=yes
sid=1
