start=199.991000
speed=1.210000
pause=yes
sid=1
