start=1328.619000
volume=78.000000
