start=1477.726000
volume=94.000000
fullscreen=yes
sid=1
