start=1423.714000
volume=94.000000
fullscreen=yes
