start=1331.497000
volume=88.000000
fullscreen=yes
sid=3
