start=1409.325000
volume=92.000000
fullscreen=yes
sid=1
