start=1495.953000
pause=yes
volume=86.000000
