start=1407.031000
volume=92.000000
fullscreen=yes
