start=1496.580000
volume=84.000000
fullscreen=yes
