start=1314.980000
volume=82.000000
fullscreen=yes
sid=1
