start=1411.827000
volume=78.000000
fullscreen=yes
sid=1
