start=1344.177000
volume=90.000000
fullscreen=yes
