start=364.781000
pause=yes
volume=96.000000
